%YAML:1.0
R: !!opencv-matrix
   rows: 3
   cols: 3
   dt: d
   data: [ 9.9904205166763704e-001, -4.3727234074917395e-002,
       1.7052858633776822e-003, 4.3743845780988430e-002,
       9.9682977236561965e-001, -6.6459618429509898e-002,
       1.2062155725878054e-003, 6.6470549310685967e-002,
       9.9778765833133454e-001 ]
T: !!opencv-matrix
   rows: 3
   cols: 1
   dt: d
   data: [ -1.5087061682467422e+002, -7.6096523234161149e+000,
       -1.0034226994364730e+001 ]
R1: !!opencv-matrix
   rows: 3
   cols: 3
   dt: d
   data: [ 9.9785841318330049e-001, 1.0933984372994775e-002,
       6.4490582452298523e-002, -8.7368201103078056e-003,
       9.9937498073051534e-001, -3.4253698548368079e-002,
       -6.4824804000210706e-002, 3.3616898661438979e-002,
       9.9733026070139930e-001 ]
R2: !!opencv-matrix
   rows: 3
   cols: 3
   dt: d
   data: [ 9.9653437836498471e-001, 5.0263466189056562e-002,
       6.6278327554149613e-002, -5.2486766746974577e-002,
       9.9810104017329759e-001, 3.2240547784277013e-002,
       -6.4531945989271630e-002, -3.5607549363065309e-002,
       9.9728016644030115e-001 ]
P1: !!opencv-matrix
   rows: 3
   cols: 4
   dt: d
   data: [ 6.6968902960817377e+002, 0., 2.6816354560852051e+002, 0., 0.,
       6.6968902960817377e+002, 2.2716724205017090e+002, 0., 0., 0., 1.,
       0. ]
P2: !!opencv-matrix
   rows: 3
   cols: 4
   dt: d
   data: [ 6.6968902960817377e+002, 0., 2.6816354560852051e+002,
       -1.0138776862216560e+005, 0., 6.6968902960817377e+002,
       2.2716724205017090e+002, 0., 0., 0., 1., 0. ]
Q: !!opencv-matrix
   rows: 4
   cols: 4
   dt: d
   data: [ 1., 0., 0., -2.6816354560852051e+002, 0., 1., 0.,
       -2.2716724205017090e+002, 0., 0., 0., 6.6968902960817377e+002, 0.,
       0., 6.6052250553403045e-003, 0. ]
