%YAML:1.0
M1: !!opencv-matrix
   rows: 3
   cols: 3
   dt: d
   data: [ 5.2924529928272761e+002, 0., 3.0933197112251798e+002, 0.,
       5.2924529928272761e+002, 2.2886652139378947e+002, 0., 0., 1. ]
D1: !!opencv-matrix
   rows: 1
   cols: 8
   dt: d
   data: [ 1.0188247687251452e-001, -4.3090425421810780e-001, 0., 0., 0.,
       0., 0., -5.2853058245335194e-001 ]
M2: !!opencv-matrix
   rows: 3
   cols: 3
   dt: d
   data: [ 5.2924529928272761e+002, 0., 3.2151390143148933e+002, 0.,
       5.2924529928272761e+002, 2.2298743285320577e+002, 0., 0., 1. ]
D2: !!opencv-matrix
   rows: 1
   cols: 8
   dt: d
   data: [ 4.9727415726732505e-002, -2.8553118272699696e-001, 0., 0., 0.,
       0., 0., -3.5143921308487780e-001 ]
